INFO: 2023-06-03 23:46:44,152: Data
INFO: 2023-06-03 23:46:58,926: Data shape (110527, 14)
INFO: 2023-06-03 23:47:01,873: Percentage of women: 0.653882342398853
INFO: 2023-06-03 23:47:04,574: Percentage of men: 0.346117657601147
ERROR: 2023-06-03 23:47:39,554: Data shape is incorrect!
